AFIB 112
7
13
14
15
16
20
21
26
28
35
49
50
51
52
53
54
55
56
57
59
60
61
65
66
70
81
85
86
87
88
90
91
92
94
95
98
101
102
103
104
105
106
107
108
109
110
111
113
114
115
116
118
119
123
125
127
128
129
130
131
135
137
138
139
140
144
148
153
158
161
166
174
175
177
178
183
184
186
188
190
192
197
201
204
206
207
209
210
211
212
213
215
219
220
226
233
235
236
237
238
239
246
249
250
251
257
258
259
261
262
263
N 26
281
314
315
389
452
461
472
473
507
514
527
555
667
733
738
760
775
832
835
859
970
1013
1048
1050
SVTA
1060
1061
1062
1063
